yardline_100,probability_of_touchdown
1.0,0.5401695599515542
2.0,0.39728682170542634
3.0,0.33370044052863435
4.0,0.27149321266968324
5.0,0.19644723092998956
6.0,0.15572033898305085
7.0,0.14915254237288136
8.0,0.12267250821467689
9.0,0.0821917808219178
10.0,0.09568874868559411
11.0,0.07142857142857142
12.0,0.055441478439425054
13.0,0.058031088082901555
14.0,0.058485139022051776
15.0,0.038175046554934824
16.0,0.03225806451612903
17.0,0.035864978902953586
18.0,0.02959183673469388
19.0,0.023391812865497075
20.0,0.028622540250447227
21.0,0.015932521087160263
22.0,0.02564102564102564
23.0,0.0195712954333644
24.0,0.012477718360071301
25.0,0.014166666666666666
26.0,0.012070566388115135
27.0,0.015873015873015872
28.0,0.017625231910946195
29.0,0.009023789991796555
30.0,0.014084507042253521
31.0,0.009393680614859094
32.0,0.0113544201135442
33.0,0.011326860841423949
34.0,0.008377760853008377
35.0,0.013788098693759071
36.0,0.0062063615205585725
37.0,0.0064
38.0,0.012067578439259855
39.0,0.006721433905899925
40.0,0.005287508261731659
41.0,0.006736526946107785
42.0,0.002982848620432513
43.0,0.0062413314840499305
44.0,0.004008016032064128
45.0,0.0055762081784386614
46.0,0.003989361702127659
47.0,0.004261363636363636
48.0,0.006028131279303416
49.0,0.005964214711729622
50.0,0.006567164179104477
51.0,0.00390625
52.0,0.0032851511169513796
53.0,0.0018259281801582471
54.0,0.004103165298944901
55.0,0.0020898641588296763
56.0,0.0043397396156230625
57.0,0.003674219228413962
58.0,0.0024096385542168677
59.0,0.0011043622308117063
60.0,0.0037914691943127963
61.0,0.0022522522522522522
62.0,0.002730748225013654
63.0,0.002691065662002153
64.0,0.003092783505154639
65.0,0.003734827264239029
66.0,0.001890359168241966
67.0,0.002162162162162162
68.0,0.0026867275658248252
69.0,0.002448579823702253
70.0,0.0019569471624266144
71.0,0.0023105360443622922
72.0,0.00221606648199446
74.0,0.0028011204481792717
75.0,0.0027309968138370506
76.0,0.0022662889518413596
77.0,0.0018773466833541927
78.0,0.001243008079552517
79.0,0.0019329896907216496
80.0,0.0018773466833541927
81.0,0.0022338049143708115
82.0,0.0016891891891891893
83.0,0.000945179584120983
85.0,0.0032520325203252032
86.0,0.000984251968503937
87.0,0.002162162162162162
88.0,0.0012610340479192938
89.0,0.0037313432835820895
90.0,0.0039100684261974585
91.0,0.003931847968545216
92.0,0.002840909090909091
93.0,0.0019305019305019305
94.0,0.0019342359767891683
97.0,0.005390835579514825
99.0,0.003257328990228013
